0 0 1
0.0116876238776441 0.0116876238776441 0.9999316997240474
0.0227938751557932 0.02279239576847402 0.9997402238400702
0.03355154688300215 0.03354595405552996 0.999437182009644
0.04409693413490057 0.04408354093163205 0.9990278556313893
0.05451177613543536 0.05448586735482245 0.9985145507745458
0.06484584928663605 0.06480168040859903 0.9978981726194872
0.07512976029578647 0.07506054973720178 0.9971789896354974
0.0853824436865618 0.08528036511257207 0.9963570070943507
0.09561565798527862 0.09547183466078259 0.995432146249934
0.1058367228781584 0.1056412242447804 0.9944043259508749
0.1160502017166141 0.1157920417946727 0.9932734958243794
0.1262589421287386 0.1259260792422343 0.9920396462501935
0.1364647221390761 0.13604405953254 0.9907028079821197
0.1466686523325247 0.1461460393608848 0.9892630478124261
0.1568714265589515 0.1562316602352215 0.9877204633079016
0.1670734783707627 0.1663003051364893 0.9860751779234678
0.1772750786976866 0.1763511963373033 0.9843273369481664
0.1874763968549752 0.1863834565119636 0.9824771043435058
0.1976775386584785 0.1963961469338422 0.9805246603718746
0.2078785702406878 0.2063882913672552 0.9784701998638077
0.2180795329334669 0.2163588910264266 0.9763139309750384
0.2282804525688624 0.2263069339561102 0.9740560743060733
0.2384813452917595 0.2362314009286984 0.9716968622834317
0.2486822211926552 0.2461312691660385 0.969236538726191
0.2588830865780883 0.2560055147029295 0.9666753585417905
0.2690839453896368 0.2658531139024711 0.9640135875108623
0.2792848000907838 0.2756730444418239 0.9612515021326974
0.2894856522212048 0.2854642859672769 0.9583893895115746
0.2996865027431966 0.2952258205427929 0.9554275472703275
0.3098873522581943 0.3049566329695423 0.9523662834818447
0.320088201142095 0.3146557110248035 0.9492059166121957
0.3302890496298342 0.3243220456504179 0.9459467754711322
0.3404898978682467 0.3339546311096385 0.9425891991671188
0.3506907459491042 0.3435524651241195 0.939133537064994
0.3608915939297638 0.3531145489983758 0.9355801487450021
0.371092441846074 0.3626398877362784 0.9319294039623637
0.38129328972044 0.3721274901524314 0.9281816826068373
0.391494137566865 0.3815763689802 0.9243373746619112
0.401694985394101 0.3909855409774909 0.9203968801633932
0.411895833207618 0.4003540270309666 0.9163606091572452
0.4220966810108349 0.4096808522591141 0.9122289816565662
0.4322975288058882 0.4189650461144284 0.9080024275976608
0.4424983765941136 0.4282056424848668 0.9036813867951543
0.4526992243763456 0.4374016797946682 0.8992663088961322
0.462900072153106 0.4465522011045931 0.8947576533332894
0.4731009199247206 0.4556562542116136 0.8901558892770826
0.4833017676913935 0.4647128917480687 0.8854614955868836
0.4935026154532519 0.4737211712802903 0.8806749607611331
0.5037034632103753 0.4826801554067 0.875796782886497
0.5139043109628135 0.4915889118553712 0.8708274695860292
0.5241051587105977 0.5004465135810523 0.8657675379663439
0.5343060064537473 0.5092520388616411 0.8606175145638028
0.5445068541922743 0.5180045713941032 0.8553779352897218
0.5547077019261865 0.5267032003898253 0.8500493453746036
0.5649085496554885 0.5353470206693933 0.8446322993113994
0.5751093973801833 0.543935132756786 0.8391273607978085
0.5853102451002727 0.5524666429729752 0.8335351026776194
0.595511092815758 0.5609406635289228 0.8278561068810997
0.6057119405266398 0.5693563126179639 0.8220909643644398
0.6159127882329186 0.5777127145075679 0.8162402750482588
0.6261136359345948 0.5860089996304672 0.8103046477551757
0.6363144836316684 0.5942443046751444 0.8042847001464561
0.6465153313241396 0.6024177726756691 0.7981810586577379
0.6567161790120084 0.6105285531008727 0.7919943584338444
0.6669170266952749 0.6185758019428557 0.7857252432626913
0.677117874373939 0.6265586818048147 0.7793743655082942
0.6873187220480009 0.6344763619881819 0.7729423860428831
0.6975195697174605 0.6423280185790678 0.7664299741781326
0.7077204173823179 0.6501128345339976 0.7598378075955131
0.717921265042573 0.6578299997649325 0.7531665722757711
0.7281221126982259 0.6654787112235679 0.7464169624275463
0.7383229603492765 0.6730581729848983 0.7395896804151321
0.7485238079957248 0.6805675963300413 0.7326854366853875
0.758724655637571 0.6880061998283116 0.7257049496938085
0.7689255032748148 0.6953732094185369 0.7186489458297647
0.7791263509074564 0.7026678584896066 0.7115181593409119
0.7893271985354957 0.7098893879602451 0.7043133322567863
0.7995280461589328 0.7170370463580026 0.6970352143115884
0.8097288937777677 0.724110089897452 0.6896845628661663
0.8199297413920003 0.7311077825575883 0.6822621428292043
0.8301305890016306 0.7380293961584189 0.6747687265776264
0.8403314366066588 0.7448742104367371 0.6672050938762234
0.8505322842070846 0.7516415131210736 0.6595720317965097
0.8607331318029082 0.7583306000058153 0.6518703346348214
0.8709339793941295 0.7649407750244844 0.6441008038296611
0.8811348269807486 0.7714713503221717 0.6362642478783009
0.8913356745627655 0.7779216463271146 0.62836148225265
0.9015365221401802 0.7842909918214129 0.6203933293143962
0.9117373697129926 0.7905787240108765 0.6123606182294314
0.9219382172812027 0.796784188593995 0.6042641848815687
0.9321390648448106 0.8029067398300249 0.59610487178556
0.9423399124038162 0.8089457406061851 0.587883527999424
0.9525407599582196 0.8149005625039548 0.5796010090360934
0.9627416075080207 0.8207705858644669 0.5712581767743897
0.9729424550532196 0.8265551998529895 0.5628558993693371
0.9831433025938162 0.8322538025224896 0.5543950511618212
0.9933441501298106 0.8378658008762715 0.5458765125876056
1.003544997661203 0.843390610929684 0.5373011700857139
1.013745845187993 0.8488276577708901 0.5286699160061864
1.02394669271018 0.854176375620692 0.5199836485172227
1.034147540227766 0.8594362078914065 0.5112432715117178
1.044348387740749 0.8646066072447829 0.5024496945132033
1.054549235249129 0.8696870356489595 0.4936038325812024
1.064750082752908 0.8746769644344512 0.4847066062160085
1.074950930252085 0.8795758743491624 0.4757589412628985
1.085151777746659 0.8843832556124208 0.4667617688157888
1.095352625236631 0.8890986079680251 0.4577160251203459
1.105553472722 0.8937214407363013 0.4486226514765606
1.115754320202768 0.8982512728651635 0.4394825941407964
1.125955167678933 0.9026876329801714 0.4302968042273222
1.136156015150496 0.9070300594335821 0.421066237609339
1.146356862617456 0.9112781003523888 0.4117918548195119
1.156557710079815 0.915431313685343 0.4024746209500173
1.166758557537571 0.9194892672489542 0.393115505552115
1.176959404990725 0.9234515387724628 0.383715482535257
1.187160252439277 0.9273177159417816 0.3742755300657424
1.197361099883226 0.9310873964424015 0.3647966304649294
1.207561947322573 0.9347601880012559 0.3552797701070149
1.217762794757318 0.9383357084275411 0.3457259393163926
1.227963642187461 0.9418135856524866 0.3361361322645994
1.238164489613001 0.9451934577680731 0.3265113468668627
1.248365337033939 0.9484749730646919 0.3168525846782563
1.258566184450275 0.9516577900677445 0.3071608507894796
1.268767031862009 0.9547415775731763 0.297437153722267
1.27896787926914 0.9577260146819414 0.287682505324442
1.28916872667167 0.9606107908333954 0.2778979206646234
1.299369574069597 0.9633956058376125 0.268084417926598
1.309570421462921 0.9660801699066234 0.258243018303368
1.319771268851644 0.9686642036845702 0.248374745890886
1.329972116235764 0.9711474382767765 0.238480627581487
1.340172963615282 0.9735296152777285 0.2285616929570306
1.350373810990197 0.9758104867979646 0.2186189741817625
1.360574658360511 0.9779898154898707 0.2086535058949072
1.370775505726222 0.9800673745723789 0.1986663251030039
1.380976353087331 0.982042947854566 0.1886584710719955
1.391177200443838 0.9839163297581506 0.1786309852190822
1.401378047795742 0.985687325338885 0.1685849110043523
1.411578895143045 0.9873557503068421 0.158521293822199
1.421779742485745 0.9889214310455916 0.1484411808925374
1.431980589823842 0.9903842046302671 0.1383456211518302
1.442181437157338 0.9917439188445198 0.1282356651439357
1.452382284486231 0.9930004321963585 0.1181123649107883
1.462583131810522 0.9941536139328725 0.1079767738829225
1.472783979130211 0.9952033440538386 0.0978299467698537
1.482984826445297 0.9961495133242078 0.08767293945032445
1.493185673755782 0.9969920232854723 0.07750680886243008
1.503386521061664 0.9977307862659115 0.06733261289363364
1.513587368362943 0.9983657253897145 0.0571514102706821
1.523788215659621 0.9988967745849803 0.04696426044943532
1.533989062951696 0.999323878590593 0.03677222350461902
1.544189910239169 0.9996469929619726 0.02657636001951347
1.55439075752204 0.999866084075699 0.01637773097558917
1.564591604800308 0.9999811291330121 0.006177397642101085
1.574792452073975 0.9999921161621831 -0.004023578534346935
1.584993299343039 0.9998990440197612 -0.01422413604025635
1.5951941466075 0.9997019223906918 -0.02442321340569498
1.60539499386736 0.9994007717873091 -0.0346197493147536
1.615595841122617 0.9989956235472018 -0.04481268271598642
1.625796688373272 0.9984865198299516 -0.05500095293282407
1.635997535619325 0.9978735136127462 -0.06518349977394769
1.646198382860776 0.9971566686848667 -0.07535926364361234
1.656399230097624 0.9963360596410497 -0.08552718565190855
1.66660007732987 0.9954117718737245 -0.0956862077249504
1.676800924557514 0.9943839015641278 -0.1058352727149787
1.687001771780555 0.9932525556722946 -0.1159733245103677
1.697202618998995 0.9920178519259282 -0.1260993081455242
1.707403466212832 0.9906799188081492 -0.136212169910667
1.717604313422066 0.9892388955441258 -0.1463108574614763
1.727805160626699 0.987694932086586 -0.1563943199286004
1.738006007826729 0.9860481891002133 -0.166461508027009
1.748206855022157 0.9842988379449281 -0.1765113741651821
1.758407702212983 0.9824470606580561 -0.1865428725541224
1.768608549399207 0.980493049935385 -0.1965549593161798
1.778809396580828 0.9784370091111133 -0.2065465925936772
1.789010243757847 0.9762791521366907 -0.2165167326573269
1.799211090930264 0.9740197035585547 -0.226464342014424
1.809411938098079 0.9716588984947642 -0.2363883855168084
1.819612785261291 0.9691969826105329 -0.246287830468582
1.829813632419901 0.9666342120926656 -0.2561616467335712
1.840014479573909 0.9639708536228996 -0.266008806842523
1.850215326723315 0.9612071843501531 -0.275828286100023
1.860416173868118 0.9583434918616858 -0.2856190626911255
1.870617021008319 0.9553800741531723 -0.2953801177876837
1.880817868143918 0.9523172395976927 -0.3051104356543685
1.891018715274915 0.949155306913643 -0.3148090037543663
1.901219562401309 0.94589460513157 -0.3244748128547432
1.911420409523101 0.9425354735599314 -0.3341068571314664
1.921621256640291 0.9390782617497881 -0.3437041342740694
1.931822103752879 0.9355233294584298 -0.353265645589953
1.942022950860864 0.9318710466119381 -0.3627903961083093
1.952223797964247 0.928121793266693 -0.3722773946836576
1.962424645063028 0.9242759595698232 -0.3817256540989841
1.972625492157207 0.9203339457186082 -0.3911341911684706
1.982826339246783 0.916296161918833 -0.4005020268398056
1.993027186331757 0.9121630283421029 -0.4098281862960641
2.00322803341213 0.90793497508212 -0.4191116990571471
2.013428880487899 0.9036124421099274 -0.4283515990807697
2.023629727559067 0.8991958792281265 -0.4375469248629876
2.033830574625632 0.8946857460240698 -0.446696719538251
2.044031421687595 0.8900825118220369 -0.4558000309789761
2.054232268744955 0.8853866556343962 -0.4648559118946236
2.064433115797714 0.880598666111759 -0.4738634199302735
2.07463396284587 0.8757190414921303 -0.4828216177646868
2.084834809889424 0.8707482895490628 -0.4917295732078428
2.095035656928375 0.8656869275388172 -0.500586359297943
2.105236503962725 0.8605354821465369 -0.509391054397871
2.115437350992472 0.8552944894314413 -0.5181427422910975
2.125638198017617 0.8499644947710431 -0.5268405122770219
2.13583904503816 0.8445460528043965 -0.5354834592657403
2.1460398920541 0.8390397273743818 -0.5440706838722283
2.156240739065438 0.8334460914690313 -0.552601292509932
2.166441586072174 0.8277657271619042 -0.5610743974837534
2.176642433074308 0.8219992255515169 -0.5694891170824252
2.186843280071839 0.8161471866998323 -0.5778445756702608
2.197044127064768 0.8102102195698179 -0.5861399037782731
2.207244974053095 0.8041889419620767 -0.5943742381946515
2.21744582103682 0.7980839804505593 -0.6025467220545879
2.227646668015943 0.7918959703173625 -0.6106565049294418
2.237847514990463 0.7856255554866217 -0.6187027429152359
2.248048361960381 0.7792733884575044 -0.6266845987204727
2.258249208925696 0.7728401302363107 -0.6346012417532633
2.26845005588641 0.7663264502676895 -0.6424518482077585
2.278650902842521 0.759733026364976 -0.6502356011498741
2.28885174979403 0.7530605446396579 -0.6579516906023011
2.299052596740937 0.7463096994299796 -0.6655993136287919
2.309253443683241 0.7394811932286885 -0.6731776744177137
2.319454290620944 0.7325757366099342 -0.6806859843648609
2.329655137554044 0.7255940481553257 -0.6881234621555171
2.339855984482541 0.718536854379156 -0.6954893338457585
2.350056831406437 0.7114048896528014 -0.7027828329429909
2.36025767832573 0.704198896128302 -0.7100032004857106
2.370458525240421 0.6969196236611342 -0.7171496851224821
2.38065937215051 0.6895678297321803 -0.7242215431901234
2.390860219055996 0.6821442793689052 -0.7312180387910922
2.401061065956881 0.6746497450657474 -0.7381384438700623
2.411261912853163 0.6670850067037335 -0.7449820382896866
2.421462759744843 0.6594508514693238 -0.7517481099055329
2.43166360663192 0.6517480737724974 -0.7584359546401908
2.441864453514396 0.6439774751640864 -0.7650448765565374
2.452065300392269 0.6361398642523661 -0.7715741879301571
2.462266147265539 0.6282360566189114 -0.7780232093209053
2.472466994134208 0.6202668747337271 -0.7843912696436116
2.482667840998274 0.6122331478696623 -0.7906777062379129
2.492868687857738 0.6041357120161158 -0.7968818649372094
2.5030695347126 0.5959754097920432 -0.8030031001367375
2.51327038156286 0.5877530903582739 -0.8090407748607512
2.523471228408517 0.5794696093291475 -0.8149942608288062
2.533672075249572 0.5711258286834785 -0.8208629385211382
2.543872922086025 0.5627226166748591 -0.8266461972431305
2.554073768917876 0.5542608477413083 -0.8323434351888626
2.564274615745124 0.5457414024142783 -0.8379540595037342
2.57447546256777 0.5371651672270259 -0.8434774863461582
2.584676309385814 0.5285330346223605 -0.8489131409483138
2.594877156199256 0.5198459028597761 -0.8542604576759587
2.605078003008095 0.5111046759219784 -0.8595188800872874
2.615278849812332 0.5023102634208166 -0.8646878609908353
2.625479696611968 0.4934635805026292 -0.8697668625024194
2.635680543407 0.4845655477530136 -0.8747553561011103
2.645881390197431 0.4756170911010302 -0.8796528226842303
2.656082236983259 0.4666191417228502 -0.8844587526213709
2.666283083764485 0.4575726359448575 -0.8891726458074251
2.676483930541108 0.4484785151462146 -0.8937940117146285
2.68668477731313 0.4393377256609022 -0.8983223694436033
2.696885624080549 0.4301512186792447 -0.9027572477734009
2.707086470843366 0.4209199501489282 -0.9070981852105371
2.717287317601581 0.4116448806755255 -0.9113447300370149
2.727488164355193 0.4023269754225351 -0.9154964403573305
2.737689011104203 0.3929672040109463 -0.9195528841444568
2.747889857848612 0.3835665404183404 -0.9235136392848002
2.758090704588417 0.3741259628775391 -0.9273782936221258
2.768291551323621 0.364646453774809 -0.9311464450004461
2.778492398054222 0.3551289995476346 -0.9348177013058695
2.78869324478022 0.34557459058207 -0.9383916805074038
2.798894091501617 0.3359842211096791 -0.9418680106967102
2.809094938218412 0.3263588891040757 -0.9452463301268038
2.819295784930604 0.3166995961770748 -0.9485262872496976
2.829496631638194 0.3070073474744646 -0.9517075407529839
2.839697478341182 0.2972831515714111 -0.9547897595953518
2.849898325039567 0.2875280203675058 -0.9577726230410351
2.860099171733351 0.2777429689814675 -0.9606558206931878
2.870300018422532 0.2679290156455089 -0.9634390525261846
2.88050086510711 0.2580871815993797 -0.9661220289168411
2.890701711787087 0.2482184909840959 -0.968704470674552
2.900902558462461 0.2383239707353683 -0.971186109070344
2.911103405133233 0.2284046504767392 -0.9735666858648392
2.921304251799403 0.2184615624124398 -0.9758459533351279
2.931505098460971 0.2084957412199793 -0.9780236743005465
2.941705945117936 0.1985082239424761 -0.9800996221473585
2.951906791770299 0.1885000498807433 -0.9820735808523359
2.96210763841806 0.1784722604851389 -0.9839453450052386
2.972308485061218 0.1684258992471927 -0.9857147198301894
2.982509331699775 0.1583620115910205 -0.9873815212059425
2.992710178333728 0.1482816447645372 -0.9889455756850426
3.00291102496308 0.1381858477304804 -0.9904067205118745
3.01311187158783 0.1280756710572552 -0.9917648036395992
3.023312718207977 0.1179521668096121 -0.9930196837459757
3.033513564823522 0.1078163884391692 -0.9941712302480672
3.043714411434465 0.09766939067479009 -0.9952193233158295
3.053915258040806 0.08751222941282859 -0.9961638538845805
3.064116104642544 0.07734596160725243 -0.9970047236663495
3.07431695123968 0.06717164515965655 -0.997741845160105
3.084517797832214 0.05699033880917787 -0.9983751416608598
3.094718644420145 0.0468031020223229 -0.9989045472676537
3.104919491003475 0.03661099488271974 -0.9993300068904098
3.115120337582201 0.02641507798080574 -0.999651476255669
3.125321184156326 0.01621641230346254 -0.9998689219111951
3.135522030725849 0.00601605912360975 -0.9999823212294575
3.145722877290769 -0.004184920110231062 -0.9999916624099847
3.155923723851087 -0.01438546388439069 -0.999896944480593
3.166124570406803 -0.02458451073051336 -0.9996981772974869
3.176325416957916 -0.03478099933601314 -0.9993953815442344
3.186526263504428 -0.04497386865451407 -0.9989885887296137
3.196727110046337 -0.05516205801626262 -0.9984778411843351
3.206927956583644 -0.06534450723850098 -0.9978631920566359
3.217128803116348 -0.07552015673578966 -0.9971447053067494
3.227329649644451 -0.08568794763026791 -0.9963224557002497
3.237530496167951 -0.09584682186184051 -0.9953965288002713
3.247731342686849 -0.1059957222982795 -0.9943670209586055
3.257932189201144 -0.1161335928452294 -0.9932340393056741
3.268133035710838 -0.1262593785561043 -0.9919977017393813
3.278333882215929 -0.1363720257418653 -0.9906581369128451
3.288534728716418 -0.1464704820806679 -0.98921548422101
3.298735575212304 -0.1565536967273664 -0.9876698937861412
3.308936421703589 -0.1666206204228645 -0.9860215264422033
3.319137268190271 -0.1766702056033016 -0.9842705537181234
3.329338114672351 -0.186701406509062 -0.9824171578199423
3.339538961149828 -0.1967131792935967 -0.9804615316118537
3.349739807622704 -0.206704482132046 -0.978403878596135
3.359940654090977 -0.216674275329652 -0.9762444128919709
3.370141500554648 -0.226621521429949 -0.9739833592131723
3.380342347013717 -0.236545185322721 -0.9716209528447917
3.390543193468183 -0.2464442343517156 -0.9691574396186406
3.400744039918047 -0.2563176384221023 -0.9665930758877078
3.410944886363309 -0.2661643701076635 -0.963928128499483
3.421145732803969 -0.2759834047577089 -0.9611628747681887
3.431346579240026 -0.2857737206037009 -0.9582976024459235
3.441547425671482 -0.2955342988655791 -0.955332609692718
3.451748272098334 -0.3052641238577751 -0.9522682050455086
3.461949118520585 -0.3149621830949044 -0.9491047073860307
3.472149964938234 -0.3246274673971257 -0.9458424459076366
3.48235081135128 -0.3342589709951563 -0.9424817600810388
3.492551657759724 -0.343855691634932 -0.9390229996189855
3.502752504163566 -0.353416630681902 -0.935466524439869
3.512953350562805 -0.3629407932249469 -0.9318127046302725
3.523154196957442 -0.3724271881799087 -0.9280619204064594
3.533355043347477 -0.381874828392723 -0.9242145620748075
3.54355588973291 -0.3912827307421428 -0.9202710299911938
3.553756736113741 -0.4006499162420414 -0.916231734519334
3.563957582489969 -0.4099754101432862 -0.9120970959880794
3.574158428861595 -0.4192582420351705 -0.9078675446476777
3.584359275228619 -0.4284974459463951 -0.9035435206250013
3.59456012159104 -0.4376920604455864 -0.8991254738777477
3.604760967948859 -0.4468411287413439 -0.8946138641476166
3.614961814302077 -0.455943698781803 -0.8900091609124695
3.625162660650691 -0.4649988233537062 -0.8853118433374759
3.635363506994704 -0.4740055601809695 -0.8805224002252512
3.645564353334114 -0.4829629720227359 -0.8756413299649917
3.655765199668922 -0.4918701267709047 -0.8706691404806126
3.665966045999128 -0.5007260975471268 -0.8656063491778935
3.676166892324732 -0.509529962799255 -0.8604534828906366
3.686367738645733 -0.5182808063972412 -0.8552110778258453
3.696568584962132 -0.5269777177284689 -0.8498796795079254
3.706769431273929 -0.5356197917925114 -0.8444598427219189
3.716970277581124 -0.544206129295306 -0.8389521314557722
3.727171123883716 -0.5527358367427346 -0.8333571188416482
3.737371970181706 -0.5612080265336008 -0.8276753870962857
3.747572816475094 -0.5696218170519934 -0.8219075274604144
3.75777366276388 -0.5779763327590275 -0.81605414013723
3.767974509048063 -0.586270704283953 -0.810115834229937
3.778175355327644 -0.5945040685146215 -0.8040932276783661
3.788376201602623 -0.6026755686873011 -0.7979869471946706
3.798577047873 -0.6107843544758321 -0.7917976281981111
3.808777894138774 -0.6188295820801112 -0.7855259147489339
3.818978740399946 -0.6268104143138976 -0.7791724594813498
3.829179586656516 -0.6347260206919305 -0.7727379235356215
3.839380432908484 -0.6425755775163494 -0.7662229764892647
3.849581279155849 -0.6503582679624081 -0.7596282962873725
3.859782125398612 -0.6580732821634736 -0.7529545691720678
3.869982971636774 -0.6657198172953003 -0.7462024896110937
3.880183817870332 -0.6732970776595723 -0.7393727602255465
3.890384664099289 -0.6808042747667037 -0.7324660917167617
3.900585510323643 -0.6882406274178888 -0.7254832027923576
3.910786356543395 -0.6956053617863934 -0.7184248200914473
3.920987202758544 -0.7028977114980794 -0.7112916781090243
3.931188048969092 -0.7101169177111536 -0.704084519119531
3.941388895175037 -0.7172622291951327 -0.6968040930996178
3.95158974137638 -0.7243329024090164 -0.6894511576501003
3.961790587573121 -0.7313282015786603 -0.6820264779171238
3.971991433765259 -0.7382473987733403 -0.6745308265125416
3.982192279952796 -0.7450897739815013 -0.6669649834335176
3.99239312613573 -0.7518546151856816 -0.6593297359813595
4.002593972314061 -0.758541218436605 -0.6516258786795922
4.012794818487791 -0.7651488879264342 -0.6438542131912801
4.022995664656918 -0.7716769360611764 -0.6360155482356055
4.033196510821443 -0.7781246835322341 -0.6281106995037138
4.043397356981366 -0.7844914593870943 -0.6201404895738324
4.053598203136686 -0.7907766010991475 -0.6121057478256733
4.063799049287405 -0.7969794546366302 -0.604007310354128
4.073999895433521 -0.8030993745306837 -0.5958460198822634
4.084200741575034 -0.8091357239425211 -0.5876227256736278
4.094401587711946 -0.8150878747296972 -0.5793382834438771
4.104602433844255 -0.8209552075114729 -0.5709935552717285
4.114803279971962 -0.8267371117332675 -0.5625894095092531
4.125004126095067 -0.8324329857301935 -0.5541267206915148
4.13520497221357 -0.8380422367896656 -0.5456063694455666
4.14540581832747 -0.8435642812130782 -0.5370292423988121
4.155606664436768 -0.8489985443765455 -0.5283962320867435
4.165807510541464 -0.8543444607906964 -0.5197082368600642
4.176008356641558 -0.8596014741595193 -0.5109661607912064
4.186209202737049 -0.8647690374382507 -0.5021709135802535
4.196410048827938 -0.8698466128903004 -0.4933234104602764
4.206610894914225 -0.874833672143208 -0.4844245721020952
4.21681174099591 -0.8797296962436257 -0.475475324518473
4.227012587072992 -0.8845341757113209 -0.4664765989677562
4.237213433145472 -0.8892466105921917 -0.4574293318569668
4.24741427921335 -0.8938665105102931 -0.4483344646443609
4.257615125276626 -0.8983933947188649 -0.4391929437414596
4.267815971335299 -0.9028267921503584 -0.4300057204145661
4.27801681738937 -0.9071662414654558 -0.4207737506857769
4.288217663438839 -0.9114112911010767 -0.4114979952334979
4.298418509483706 -0.9155614993173682 -0.4021794192924765
4.30861935552397 -0.9196164342436722 -0.3928189925533589
4.318820201559633 -0.9235756739234658 -0.3834176890617847
4.329021047590692 -0.9274388063582701 -0.3739764871170273
4.33922189361715 -0.9312054295505225 -0.3644963691701923
4.349422739639006 -0.9348751515454091 -0.3549783217219836
4.359623585656259 -0.9384475904716509 -0.3454233352200481
4.36982443166891 -0.9419223745812417 -0.33583240395591
4.380025277676959 -0.9452991422881322 -0.3262065259615046
4.390226123680405 -0.9485775422058561 -0.3165467029053231
4.400426969679249 -0.9517572331840961 -0.3068539399881794
4.410627815673491 -0.9548378843441835 -0.2971292458386086
4.420828661663131 -0.9578191751135295 -0.2873736324079089
4.431029507648168 -0.9607007952589842 -0.2775881148648386
4.441230353628604 -0.9634824449191191 -0.2677737114899774
4.451431199604436 -0.9661638346354308 -0.257931443569764
4.461632045575668 -0.9687446853824623 -0.2480623352902211
4.471832891542296 -0.9712247285968378 -0.2381674136303789
4.482033737504322 -0.9736037062052102 -0.2282477082554074
4.492234583461746 -0.9758813706511152 -0.2183042514094698
4.502435429414568 -0.978057484920733 -0.2083380778083067
4.512636275362787 -0.980131822567551 -0.1983502245315641
4.522837121306405 -0.9821041677359289 -0.1883417309148747
4.53303796724542 -0.9839743151835596 -0.1783136384417049
4.543238813179832 -0.9857420703028272 -0.1682669906349777
4.553439659109643 -0.9874072491410579 -0.1582028329484839
4.563640505034852 -0.9889696784196619 -0.1481222126580923
4.573841350955457 -0.9904291955521648 -0.1380261787527702
4.584042196871462 -0.9917856486611266 -0.1279157818254255
4.594243042782863 -0.9930388965939456 -0.1177920739635821
4.604443888689662 -0.9941888089375471 -0.1076561086399
4.61464473459186 -0.995235266031954 -0.0975089406025505
4.624845580489454 -0.9961781589827388 -0.08735162576545928
4.635046426382447 -0.9970173896723546 -0.07718522109842829
4.645247272270837 -0.9977528707703461 -0.06701078451714725
4.655448118154625 -0.9983845257424365 -0.05682937477310708
4.665648964033811 -0.9989122888584917 -0.04664205134342625
4.675849809908395 -0.9993361051993606 -0.03644987432060161
4.686050655778376 -0.9996559306625894 -0.0262539043021952
4.696251501643755 -0.9998717319670115 -0.01605520228046854
4.706452347504532 -0.9999834866562103 -0.005854829531975777
4.716653193360707 -0.9999911831008561 0.004346152492872681
4.726854039212279 -0.9998948204999163 0.01454668228026468
4.73705488505925 -0.9996944088807387 0.02474569836344741
4.747255730901617 -0.9993899690980081 0.03494213943318356
4.757456576739383 -0.9989815328315764 0.04513494444819117
4.767657422572547 -0.9984691425831653 0.0553230527455555
4.777858268401108 -0.9978528516719443 0.06550540415110162
4.788059114225066 -0.9971327242289818 0.07568093908971604
4.798259960044423 -0.996308835190572 0.0858485986956061
4.808460805859178 -0.9953812702904368 0.0960073249224855
4.81866165166933 -0.9943501260508042 0.1061560606536745
4.82886249747488 -0.9932155097723647 0.1162937498121036
4.839063343275828 -0.9919775395231051 0.1264193374702085
4.849264189072173 -0.9906363441260225 0.1365317699597065
4.859465034863916 -0.9891920631457192 0.1466299949812404
4.869665880651057 -0.9876448468738791 0.1567129617138813
4.879866726433597 -0.985994856313629 0.1667796209244767
4.890067572211533 -0.9842422631627842 0.1768289250768337
4.900268417984868 -0.9823872497959814 0.1868598284407258
4.910469263753599 -0.9804300092457013 0.1968712872007112
4.920670109517729 -0.9783707451821817 0.2068622595647524
4.930870955277257 -0.976209671892223 0.216831705872625
4.941071801032183 -0.9739470142568898 0.2267785887041048
4.951272646782506 -0.97158300772811 0.2367018729869214
4.961473492528227 -0.9691178983041736 0.2466005261044681
4.971674338269346 -0.9665519425041337 0.2564735180032559
4.981875184005863 -0.9638854073411136 0.2663198213001006
4.992076029737777 -0.9611185702945215 0.2761384113890326
5.002276875465089 -0.9582517192811755 0.2859282665479169
5.012477721187799 -0.9552851526253432 0.295688368044774
5.022678566905906 -0.9522191790276984 0.3054177002437886
5.032879412619412 -0.9490541175331972 0.315115250710997
5.043080258328315 -0.9457902974978787 0.3247800103196407
5.053281104032616 -0.9424280585545918 0.3344109733551762
5.063481949732314 -0.9389677505776531 0.3440071376199297
5.073682795427411 -0.9354097336464393 0.3535675045373854
5.083883641117905 -0.9317543780079169 0.3630910792560979
5.094084486803797 -0.9280020640381148 0.3725768707532158
5.104285332485087 -0.9241531822025417 0.3820238919376078
5.114486178161774 -0.920208133015555 0.3914311597525795
5.124687023833859 -0.916167326998683 0.4007976952781699
5.134887869501342 -0.9120311846379057 0.410122523833018
5.145088715164222 -0.9078001363398996 0.4194046750757879
5.155289560822501 -0.9034746223872494 0.4286431831061429
5.165490406476177 -0.8990550928926319 0.4378370865652565
5.175691252125251 -0.8945420077519777 0.4469854287358517
5.185892097769723 -0.8899358365966142 0.456087257641757
5.196092943409592 -0.8852370587443961 0.4651416261469687
5.206293789044859 -0.880446163149827 0.47414759205421
5.216494634675525 -0.8755636483531796 0.4831042182029762
5.226695480301587 -0.8705900224286166 0.4920105725670553
5.236896325923047 -0.8655258029313218 0.5008657283515145
5.247097171539906 -0.8603715168436421 0.5096687640891431
5.257298017152162 -0.8551277005202506 0.5184187637363394
5.267498862759815 -0.8497948996323329 0.527114816768435
5.277699708362867 -0.8443736691108052 0.5357560182744433
5.287900553961316 -0.8388645730885679 0.544341469051225
5.298101399555163 -0.8332681848418015 0.5528702756970589
5.308302245144408 -0.8275850867303126 0.5613415507046091
5.318503090729051 -0.8218158701369325 0.5697544125532793
5.328703936309091 -0.8159611354059785 0.5781079858009437
5.338904781884529 -0.8100214917807818 0.5864014011750451
5.349105627455365 -0.8039975573402898 0.5946337956630521
5.359306473021598 -0.797889958934749 0.6028043126022633
5.36950731858323 -0.7916993321204746 0.6109121017689523
5.379708164140259 -0.7854263210937149 0.6189563194668414
5.389909009692685 -0.7790715786236159 0.626936128614897
5.40010985524051 -0.7726357659842945 0.634850698834436
5.410310700783732 -0.7661195528860263 0.6426992065355349
5.420511546322352 -0.7595236174055552 0.6504808350027328
5.43071239185637 -0.7528486459155332 0.6581947744800185
5.440913237385786 -0.7460953330130965 0.6658402222550938
5.451114082910599 -0.7392643814475853 0.6734163827429036
5.46131492843081 -0.7323565020474161 0.6809224675684248
5.471515773946419 -0.7253724136461128 0.688357695648704
5.481716619457425 -0.7183128430075051 0.6957212932741373
5.49191746496383 -0.711178524750101 0.7030124941889827
5.502118310465632 -0.7039702012706431 0.7102305396710961
5.512319155962832 -0.6966886226668544 0.7173746786108841
5.52252000145543 -0.689334546659383 0.7244441675894648
5.532720846943425 -0.6819087385129542 0.7314382709560273
5.542921692426818 -0.6744119709567367 0.738356260904384
5.553122537905609 -0.6668450241039326 0.7451974175487058
5.563323383379798 -0.6592086853705991 0.7519610289984335
5.573524228849384 -0.6515037493937091 0.7586463914323571
5.583725074314368 -0.6437310179484627 0.7652528091718552
5.59392591977475 -0.6358912998648532 0.7717795947532877
5.60412676523053 -0.627985410943501 0.7782260689995327
5.614327610681707 -0.6200141738707614 0.7845915610906622
5.624528456128282 -0.6119784181331156 0.7908754086337469
5.634729301570255 -0.6038789799308547 0.7970769577317857
5.644930147007626 -0.5957167020910643 0.8031955630517491
5.655130992440395 -0.5874924339799203 0.8092305878917336
5.66533183786856 -0.5792070314143041 0.8151814042472161
5.675532683292125 -0.5708613565727454 0.8210473928764042
5.685733528711086 -0.5624562779057052 0.8268279433646746
5.695934374125446 -0.5539926700452038 0.8325224541880928
5.706135219535203 -0.5454714137138074 0.8381303327760076
5.716336064940358 -0.5368933956329796 0.8436509955727139
5.726536910340911 -0.5282595084308095 0.8490838680981778
5.736737755736861 -0.5195706505491248 0.8544283850078164
5.74693860112821 -0.5108277261499999 0.8596839901513279
5.757139446514955 -0.5020316450216692 0.8648501366305646
5.767340291897099 -0.4931833224838538 0.869926286856443
5.777541137274641 -0.4842836792925143 0.8749119126048852
5.78774198264758 -0.4753336415440362 0.879806495071786
5.797942828015917 -0.4663341405788609 0.8846095249269996
5.808143673379652 -0.4572861128845699 0.8893205023673405
5.818344518738784 -0.4481904999984348 0.8939389371685929
5.828545364093315 -0.43904824840944 0.8984643487365233
5.838746209443243 -0.4298603094597918 0.9028962661568913
5.848947054788568 -0.4206276392459214 0.9072342282444533
5.859147900129292 -0.4113511985189937 0.9114777835909524
5.869348745465413 -0.4020319525849315 0.9156264906120928
5.879549590796932 -0.3926708712039659 0.9196799175934905
5.889750436123849 -0.383268928489723 0.9236376427355981
5.899951281446164 -0.373827102807858 0.9274992541975966
5.910152126763876 -0.3643463766742457 0.9312643501402517
5.920352972076986 -0.3548277366527411 0.9349325387677292
5.930553817385494 -0.3452721732525166 0.9385034383683655
5.940754662689399 -0.3356806808249902 0.9419766773543882
5.950955507988703 -0.3260542574603532 0.9453518943005835
5.961156353283404 -0.3163939048837088 0.9486287379819064
5.971357198573503 -0.3067006283508332 0.9518068674100286
5.981558043859 -0.2969754365435679 0.9548859518688223
5.991758889139894 -0.2872193414648571 0.9578656709487741
6.001959734416186 -0.2774333583334382 0.960745714580327
6.012160579687876 -0.2676185054781985 0.9635257830661462
6.022361424954964 -0.2577758042322076 0.9662055871123056
6.032562270217449 -0.2479062788264379 0.9687848478583916
6.042763115475332 -0.238010956283183 0.9712632969065211
6.052963960728613 -0.2280908663091858 0.9736406763492718
6.063164805977292 -0.2181470411884873 0.9759167387965187
6.073365651221368 -0.2081805156750071 0.9780912474011789
6.083566496460842 -0.1981923268848671 0.9801639758838568
6.093767341695715 -0.1881835141884692 0.9821347085563915
6.103968186925985 -0.1781551191023382 0.9840032403443006
6.114169032151652 -0.1681081851807422 0.9857693768081208
6.124369877372718 -0.1580437579070999 0.9874329341636411
6.134570722589181 -0.1479628845851877 0.9889937393010271
6.144771567801042 -0.1378666142301576 0.9904516298028351
6.154972413008301 -0.1277559974593765 0.9918064539609132
6.165173258210958 -0.1176320863830992 0.9930580707921879
6.175374103409012 -0.1074959344949855 0.994206350053335
6.185574948602464 -0.09734859656247422 0.9952511722543326
6.195775793791314 -0.08719112851702358 0.9961924286708951
6.205976638975561 -0.07702458734423154 0.9970300213557871
6.216177484155207 -0.06685003097384559 0.997763863149016
6.22637832933025 -0.05666851816967483 0.9983938776869015
6.23657917450069 -0.04648110841941493 0.9989199994100222
6.246780019666529 -0.03628886182439796 0.999342173570038
6.256980864827765 -0.02609283898927829 0.9996603562353864
6.267181709984399 -0.01589410091166614 0.9998745142958549
6.277382555136431 -0.005693708871720167 0.9999846254660258
6.287583400283861 0.004507275678289232 0.9999906782875957
6.297784245426688 0.01470779122443462 0.9998926721305673
6.307985090564913 0.02490677630159261 0.9996906171933155
6.318185935698536 0.03510316960389984 0.9993845345015259
6.328386780827556 0.04529591009519244 0.9989744559060065
6.338587625951975 0.05548393711941739 0.9984604240793743
6.348788471071791 0.06566619051100432 0.9978424925116137
6.358989316187005 0.0758416107051863 0.9971207255045109
6.369190161297617 0.08600913884825809 0.9962951981649627
6.379391006403626 0.09616771690776038 0.9953659963971605
6.389591851505033 0.1063162877825786 0.9943332168936514
6.399792696601838 0.116453795412945 0.9931969671252763
6.409993541694041 0.1265791848903316 0.9919573653299866
6.420194386781641 0.1366914025672247 0.99061454050054
6.430395231864639 0.1467893961667668 0.9891686323710781
6.440596076943035 0.1568721148922567 0.987619791402585
6.450796922016829 0.1669385095364954 0.985968178767231
6.46099776708602 0.1769875325909662 0.9842139663316003
6.47119861215061 0.1870181383548389 0.9823573366388073
6.481399457210596 0.197029283043785 0.9803984828895007
6.491600302265981 0.207019924898594 0.9783376089217591
6.501801147316764 0.2169890242935788 0.9761749291898799
6.512001992362944 0.2269355438447588 0.9739106687420628
6.522202837404522 0.2368584485178107 0.9715450631969914
6.532403682441497 0.2467567057357732 0.969078358719315
6.542604527473871 0.2566292854864978 0.9665108119940324
6.552805372501642 0.2664751604298311 0.9638426901997815
6.563006217524811 0.2762933060045203 0.9610742709810365
6.573207062543378 0.2860827005348285 0.9582058424192162
6.583407907557342 0.2958423253368508 0.9552377030027066
6.593608752566705 0.3055711648245177 0.9521701615957998
6.603809597571464 0.3152682066152779 0.949003537406554
6.614010442571622 0.3249324416354458 0.9457381599535761
6.624211287567178 0.3345628642252063 0.9423743690317328
6.634412132558131 0.3441584722432635 0.9389125146767909
6.644612977544482 0.3537182671711236 0.935352957128993
6.654813822526231 0.3632412542170005 0.9316960667955708
6.665014667503377 0.3727264424193336 0.9279422242122004
6.675215512475922 0.3821728447499076 0.9240918200034038
6.685416357443864 0.3915794782165627 0.9201452548419009
6.695617202407203 0.4009453639654841 0.916102939406915
6.705818047365941 0.4102695273830619 0.9119652943414378
6.716018892320077 0.4195509981973093 0.9077327502084573
6.726219737269609 0.4287888105788291 0.9034057474461535
6.73642058221454 0.4379820032413174 0.8989847363220662
6.746621427154869 0.4471296195415958 0.8944701768862403
6.756822272090595 0.4562307075791589 0.8898625389233532
6.767023117021719 0.4652843202952294 0.8851623019038286
6.777223961948241 0.4742895155713089 0.8803699549339433
6.787424806870161 0.4832453563272146 0.8754859967049305
6.797625651787478 0.492150910618592 0.8705109354410863
6.807826496700193 0.5010052517338925 0.8654452888468833
6.818027341608306 0.509807458290808 0.8602895840530992
6.828228186511817 0.5185566143321484 0.8550443575619628
6.838429031410725 0.5272518094211575 0.8497101551913263
6.848629876305031 0.5358921387362519 0.8442875320178667
6.858830721194735 0.5444767031651774 0.8387770523193251
6.869031566079837 0.5530046093985701 0.8331792895157881
6.879232410960337 0.5614749700229146 0.8274948261100173
6.889433255836234 0.5698869036128875 0.8217242536268345
6.899634100707529 0.5782395348230792 0.8158681725515673
6.909834945574223 0.5865319944790818 0.8099271922675627
6.920035790436313 0.5947634196679354 0.8039019309927751
6.930236635293801 0.6029329538279233 0.7977930157154339
6.940437480146688 0.6110397468377049 0.7916010821287999
6.950638324994972 0.6190829551047798 0.7853267745650142
6.960839169838653 0.6270617416532721 0.7789707459280499
6.971040014677733 0.6349752762110256 0.7725336576257705
6.98124085951221 0.6428227352960022 0.7660161795011039
6.991441704342085 0.6506033023019734 0.7594189897623385
7.001642549167358 0.6583161675834961 0.7527427749125488
7.011843393988029 0.6659605285401643 0.7459882296781585
7.022044238804097 0.6735355897001279 0.7391560569366464
7.032245083615563 0.6810405628028692 0.732246967643406
7.042445928422427 0.6884746668812292 0.7252616807577627
7.052646773224688 0.695837128342675 0.7182009231681591
7.062847618022348 0.7031271810498002 0.7110654296165156
7.073048462815405 0.7103440664000485 0.7038559426217725
7.083249307603859 0.7174870334046544 0.6965732124026239
7.093450152387712 0.7245553387667905 0.6892179967994497
7.103650997166962 0.7315482469589152 0.6817910611954552
7.11385184194161 0.7384650302993119 0.6742931784370247
7.124052686711656 0.7453049690278111 0.6667251287533
7.1342535314771 0.7520673513806887 0.6590876996749893
7.144454376237941 0.7587514736647322 0.6513816859524164
7.15465522099418 0.7653566403304668 0.64360788947282
7.164856065745817 0.7718821640445346 0.6357671191769086
7.175056910492851 0.778327365761218 0.6278601909746825
7.185257755235284 0.7846915747931013 0.6198879276605299
7.195458599973114 0.7909741288808626 0.6118511588276077
7.205659444706342 0.7971743742621883 0.603750720781513
7.215860289434968 0.8032916657398035 0.5955874564532584
7.226061134158991 0.8093253667486112 0.5873622153115556
7.236261978878412 0.8152748494219335 0.5790758532744205
7.246462823593231 0.8211394946568469 0.5707292326201057
7.256663668303448 0.8269186921786065 0.5623232218973726
7.266864513009062 0.8326118406041511 0.5538586958351098
7.277065357710074 0.8382183475046826 0.545336535251309
7.287266202406484 0.843737629467315 0.5367576269614071
7.297467047098292 0.8491691121557834 0.5281228636860043
7.307667891785497 0.85451223037021 0.5194331439579676
7.317868736468101 0.8597664281059183 0.5106893720289295
7.328069581146101 0.8649311586112914 0.5018924577751918
7.3382704258195 0.8700058844446668 0.4930433166030435
7.348471270488297 0.8749900775302619 0.4841428693535043
7.358672115152491 0.8798832192131266 0.4751920422065012
7.368872959812083 0.8846848003131137 0.466191766584491
7.379073804467073 0.8893943211778644 0.457142979055536
7.38927464911746 0.8940112917348023 0.448046621235845
7.399475493763245 0.89853523154213 0.4389036396917889
7.409676338404428 0.9029656698388238 0.4297149858414007
7.419877183041009 0.9073021455936214 0.4204816158553714
7.430078027672987 0.9115442075529966 0.4112044905575506
7.440278872300364 0.9156914142881166 0.4018845753249635
7.450479716923137 0.9197433342407773 0.3925228399873535
7.460680561541309 0.9236995457683108 0.3831202587262623
7.470881406154879 0.9275596371874621 0.3736778099736559
7.481082250763846 0.9313232068172285 0.3641964763101097
7.491283095368211 0.934989863020658 0.3546772443625608
7.501483939967974 0.9385592242456042 0.34512110470164
7.511684784563134 0.9420309190644295 0.3355290517385927
7.521885629153693 0.9454045862126563 0.3259020836218007
7.532086473739649 0.9486798746265602 0.3162412021329153
7.542287318321003 0.9518564434797014 0.3065474125826111
7.552488162897755 0.9549339622183913 0.2968217237059744
7.562689007469904 0.9579121105960898 0.2870651475575337
7.572889852037452 0.9607905787067302 0.2772786994059452
7.583090696600397 0.963569067016968 0.2674633976283449
7.59329154115874 0.9662472863973501 0.2576202636043753
7.603492385712481 0.9688249581524019 0.2477503216099014
7.613693230261619 0.971301814049628 0.2378545987104241
7.623894074806155 0.9736775963474249 0.2279341246542045
7.634094919346089 0.9759520578219011 0.2179899317651076
7.644295763881421 0.9781249617926034 0.2080230548351792
7.65449660841215 0.980196082147146 0.1980345310169656
7.664697452938277 0.9821652033647396 0.1880253997155871
7.674898297459802 0.9840321205386181 0.1779967024805781
7.685099141976725 0.985796639397362 0.1679494828975029
7.695299986489045 0.9874585763251135 0.1578847864793611
7.705500830996764 0.989017758380684 0.1478036605577908
7.715701675499879 0.9904740233155501 0.1377071541740836
7.725902519998393 0.9918272195907376 0.1275963179700216
7.736103364492305 0.9930772063925898 0.1174722040785477
7.746304208981614 0.9942238536474213 0.1073358660142802
7.756505053466321 0.9952670420350532 0.09718835856388482
7.766705897946426 0.9962066630012297 0.08703073767631318
7.776906742421928 0.9970426187689139 0.07686406035292107
7.787107586892828 0.9977748223484626 0.06668938453747683
7.797308431359126 0.9984031975466786 0.05650776900607187
7.807509275820822 0.9989276789747394 0.04632027325694447
7.817710120277916 0.9993482120550012 0.03612795740022844
7.827910964730407 0.9996647530266785 0.02593188204763816
7.838111809178296 0.9998772689503976 0.01573310820210139
7.848312653621583 0.999985737711625 0.005532697147351346
7.858513498060267 0.9999901480229675 -0.004668289662510374
7.868714342494349 0.9998904994253475 -0.01486879071346866
7.878915186923829 0.9996868022880507 -0.02506774454205597
7.889116031348707 0.999379077807647 -0.03526408984580814
7.899316875768982 0.9989673580057847 -0.04545676559370343
7.909517720184656 0.9984516857258583 -0.05564471113657338
7.919718564595727 0.9978321146285504 -0.06582686631747388
7.929919409002196 0.9971087091862476 -0.07600217158200499
7.940120253404062 0.9962815446763316 -0.08616956808856818
7.950321097801327 0.9953507071733457 -0.09632799781854923
7.960521942193989 0.9943162935400383 -0.1064764036864156
7.970722786582049 0.9931784114172826 -0.1166137296497168
7.980923630965506 0.9919371792128764 -0.1267389208189759
7.991124475344361 0.9905927260892197 -0.1368509235674614
8.001325319718614 0.9891451919498747 -0.1469486856408273
8.011526164088265 0.9875947274250074 -0.1570311562666112
8.021727008453313 0.9859414938557126 -0.1670972862635769
8.031927852813759 0.984185663277225 -0.1771460281508927
8.042128697169604 0.9823274184010174 -0.1871763362571318
8.052329541520846 0.9803669525957877 -0.1971871668290849
8.062530385867486 0.9783044698673364 -0.2071774781403733
8.072731230209524 0.9761401848373388 -0.2171462305998506
8.082932074546958 0.9738743227210104 -0.2270923868597825
8.093132918879791 0.9715071193036717 -0.2370149119237935
8.103333763208022 0.9690388209162123 -0.246912773254568
8.113534607531651 0.9664696844094574 -0.2567849408812964
8.123735451850678 0.9637999771274403 -0.2666303875068538
8.133936296165102 0.9610299768795822 -0.2764480886147004
8.144137140474923 0.9581599719117841 -0.2862370225754926
8.154337984780142 0.955190260876431 -0.2959961707533935
8.16453882908076 0.9521211528013146 -0.3057245176120725
8.174739673376775 0.948952967057476 -0.3154210508203817
8.184940517668188 0.9456860333259719 -0.3250847613576989
8.195141361954999 0.9423206915635678 -0.3347146436189264
8.205342206237207 0.9388572919673623 -0.344309695519134
8.215543050514812 0.9352961949383458 -0.3538689185978363
8.225743894787817 0.9316377710438966 -0.3633913181228918
8.235944739056219 0.9278824009792201 -0.3728759031940153
8.246145583320018 0.9240304755277341 -0.3823216868458902
8.256346427579215 0.9200823955204028 -0.3917276861508729
8.26654727183381 0.9160385717940274 -0.4010929223212755
8.276748116083802 0.9118994251484938 -0.4104164208112185
8.286948960329193 0.9076653863029844 -0.4196972114180425
8.297149804569981 0.9033368958511578 -0.4289343283832665
8.307350648806167 0.8989144042153001 -0.4381268104930854
8.317551493037751 0.8943983715994542 -0.4472737011783937
8.327752337264732 0.8897892679415311 -0.4563740486143257
8.337953181487112 0.8850875728644083 -0.4654269058193026
8.34815402570489 0.8802937756260198 -0.4744313307535752
8.358354869918065 0.8754083750684445 -0.4833863864172529
8.368555714126638 0.8704318795659962 -0.492291140947807
8.378756558330608 0.8653648069723228 -0.5011446677170411
8.388957402529975 0.8602076845665177 -0.5099460454275155
8.399158246724742 0.8549610489982522 -0.5186943582084175
8.409359090914906 0.8496254462319307 -0.5273886957108666
8.419559935100468 0.8442014314898784 -0.5360281532026457
8.429760779281427 0.8386895691945645 -0.5446118316623475
8.439961623457783 0.8330904329098687 -0.5531388378729261
8.450162467629537 0.8274046052813963 -0.5616082845146454
8.460363311796691 0.8216326779758475 -0.5700192902574137
8.470564155959242 0.8157752516194494 -0.5783709798524947
8.48076500011719 0.8098329357354542 -0.5866624842235857
8.490965844270535 0.8038063486807128 -0.5948929405572536
8.501166688419278 0.7976961175813281 -0.6030614923927196
8.511367532563419 0.7915028782673967 -0.6111672897109818
8.521568376702959 0.7852272752068445 -0.6192094890232687
8.531769220837896 0.778869961438363 -0.6271872534588123
8.541970064968231 0.7724315985034543 -0.635099752851933
8.552170909093963 0.7659128563775915 -0.6429461638284261
8.562371753215093 0.7593144134005007 -0.6507256698912426
8.57257259733162 0.7526369562055729 -0.6584374615054537
8.582773441443546 0.7458811796484135 -0.6660807361824908
8.59297428555087 0.7390477867345353 -0.6736546985636521
8.603175129653591 0.7321374885462038 -0.6811585605028685
8.61337597375171 0.7251510041684419 -0.6885915411487171
8.623576817845226 0.7180890606142026 -0.6959528670256769
8.63377766193414 0.7109523927487154 -0.7032417721146166
8.643978506018453 0.7037417432130163 -0.7104574979325065
8.654179350098163 0.6964578623466692 -0.717599293611346
8.664380194173271 0.6891015081096851 -0.7246664159762993
8.674581038243776 0.6816734460036488 -0.7316581296230298
8.684781882309679 0.6741744489920612 -0.738573706994226
8.694982726370979 0.6666052974199048 -0.7454124284553114
8.705183570427678 0.6589667789324406 -0.7521735823693297
8.715384414479775 0.6512596883932461 -0.7588564651709975
8.72558525852727 0.6434848278015018 -0.765460381439917
8.735786102570161 0.6356430062085354 -0.771984643972942
8.745986946608451 0.6277350396336316 -0.7784285738556875
8.756187790642137 0.6197617509791175 -0.7847915005331783
8.766388634671223 0.6117239699447311 -0.7910727618796259
8.776589478695707 0.6036225329412834 -0.7972717042673303
8.786790322715587 0.5954582830036211 -0.8033876826346954
8.796991166730866 0.5872320697029004 -0.809420060553355
8.807192010741542 0.5789447490581809 -0.8153682102943991
8.817392854747617 0.5705971834473483 -0.821231512893695
8.827593698749089 0.5621902415173752 -0.8270093582162973
8.837794542745959 0.55372479809393 -0.8327011450199377
8.847995386738226 0.5452017340903428 -0.8383062810175913
8.858196230725891 0.5366219364159368 -0.8438241829391087
8.868397074708954 0.5279862978837376 -0.8492542765919119
8.878597918687415 0.5192957171175666 -0.8545959969207446
8.888798762661274 0.5105510984585301 -0.8598487880664716
8.898999606630531 0.5017533518709141 -0.8650121034239214
8.909200450595185 0.4929033928474931 -0.8700854056987662
8.919401294555236 0.4840021423142642 -0.8750681669634326
8.929602138510685 0.4750505265346157 -0.8799598687120375
8.939802982461533 0.4660494770129398 -0.8847600019143438
8.950003826407778 0.4569999303977007 -0.8894680670687305
8.960204670349421 0.4479028283839669 -0.8940835742541702
8.970405514286462 0.4387591176154184 -0.8986060431812105
8.9806063582189 0.4295697495858392 -0.9030350032419531
8.990807202146735 0.4203356805401048 -0.9073699935590246
9.00100804606997 0.4110578713746754 -0.9116105630335362
9.011208889988602 0.4017372875376053 -0.9157562703920241
9.021409733902631 0.3923748989280781 -0.9198066842323693
9.031610577812058 0.3829716797954794 -0.9237613830686886
9.041811421716883 0.3735286086380164 -0.9276199553751945
9.052012265617105 0.3640466681008952 -0.9313819996290187
9.062213109512726 0.3545268448740672 -0.9350471243519946
9.072413953403744 0.3449701295895538 -0.9386149481513941
9.082614797290161 0.3353775167183617 -0.9420850997596159
9.092815641171974 0.3257500044669982 -0.9454572180728188
9.103016485049185 0.3160885946735976 -0.9487309521884988
9.113217328921793 0.3063942927036706 -0.9519059614420037
9.123418172789801 0.2966681073454854 -0.9549819154419826
9.133619016653206 0.2869110507050937 -0.9579584941047666
9.143819860512009 0.2771241381010108 -0.9608353876876764
9.154020704366209 0.267308387958562 -0.9636122968212543
9.164221548215806 0.2574648217039047 -0.9662889325404164
9.174422392060801 0.2475944636577393 -0.9688650163145224
9.184623235901196 0.2376983409287187 -0.9713402800763595
9.194824079736987 0.2277774833065668 -0.9737144662500374
9.205024923568176 0.2178329231549192 -0.9759873277777915
9.215225767394763 0.2078656953038952 -0.9781586281456919
9.225426611216747 0.1978768369424138 -0.9802281414082549
9.23562745503413 0.1878673875102634 -0.9821956522119549
9.245828298846911 0.1778383885899383 -0.9840609558176342
9.256029142655089 0.1677908837982514 -0.9858238581218077
9.266229986458665 0.1577259186777355 -0.9874841756768619
9.276430830257638 0.1476445405878445 -0.9890417357101439
9.286631674052009 0.137547798595965 -0.9904963761419404
9.296832517841779 0.1274367433682503 -0.9918479456023437
9.307033361626946 0.1173124270602886 -0.9930963034470031
9.317234205407511 0.1071759032076156 -0.9942413197717604
9.327435049183473 0.09702822661608328 -0.9952828754261679
9.337635892954832 0.08687045325209751 -0.9962208620258867
9.34783673672159 0.07670364013273386 -0.9970551819639655
9.358037580483746 0.06652884521574462 -0.9977857484209977
9.3682384242413 0.05634712728946779 -0.9984124853741554
9.378439267994251 0.04615954586264963 -0.9989353276051008
9.3886401117426 0.03596716105419228 -0.9993542207067725
9.398840955486346 0.02577103348283788 -0.999669121089047
9.40904179922549 0.01557222415680064 -0.9998799959832751
9.419242642960032 0.005371794363358422 -0.9999868234456915
9.429443486689973 -0.004829194441584703 -0.9999895923596979
9.439644330415311 -0.01502968074395351 -0.9998883024370206
9.449845174136046 -0.02522860308196267 -0.9996829642177402
9.460046017852179 -0.03542490015657238 -0.9993735990691941
9.470246861563709 -0.04561751094192705 -0.9989602391837541
9.480447705270638 -0.05580537479576558 -0.9984429275754758
9.490648548972965 -0.0659874315697917 -0.9978217180756227
9.500849392670689 -0.07616262171999293 -0.9970966753270645
9.511050236363811 -0.0863298864168966 -0.9962678747775503
9.52125108005233 -0.09648816765575162 -0.9953354026718577
9.531451923736247 -0.1066364083666243 -0.9942993560428182
9.541652767415563 -0.1167735525243971 -0.9931598427012194
9.551853611090277 -0.1268985452586583 -0.9919169812245872
9.562054454760387 -0.1370103329634719 -0.9905709009448456
9.572255298425896 -0.1471078634070156 -0.9891217419348591
9.582456142086802 -0.1571900858410764 -0.9875696549938566
9.592656985743105 -0.1672559511103906 -0.9859148016317391
9.602857829394807 -0.1773044117618195 -0.9841573540522728
9.613058673041907 -0.1873344221533471 -0.9822974951351702
9.623259516684405 -0.1973449385628894 -0.9803354184170591
9.633460360322299 -0.2073349192969039 -0.9782713280713433
9.643661203955592 -0.2173033247987886 -0.9761054388869567
9.653862047584283 -0.2272491177570577 -0.9738379762460118
9.664062891208372 -0.2371712632132846 -0.9714691761003467
9.674263734827859 -0.2470687286697992 -0.9689992849469722
9.684464578442743 -0.2569404841971296 -0.9664285598024209
9.694665422053024 -0.2667855025411767 -0.9637572681760026
9.704866265658703 -0.2766027592301099 -0.9609856880419667
9.715067109259781 -0.2863912326809738 -0.9581141078105767
9.725267952856257 -0.2961499043059937 -0.955142826298098
9.73546879644813 -0.3058777586185701 -0.9520721526957031
9.7456696400354 -0.3155737833389501 -0.9489024065372975
9.755870483618068 -0.3252369694995648 -0.9456339176662686
9.766071327196133 -0.3348663115500229 -0.9422670262011623
9.776272170769598 -0.3444608074617478 -0.9388020825002906
9.78647301433846 -0.3540194588322487 -0.935239447125273
9.79667385790272 -0.3635412709890145 -0.9315794908035165
9.806874701462377 -0.3730252530930188 -0.9278225943896383
9.817075545017431 -0.3824704182418272 -0.9239691488258331
9.827276388567883 -0.3918757835722939 -0.9200195551011925
9.837477232113734 -0.4012403703628383 -0.9159742242099778
9.847678075654983 -0.4105632041352909 -0.9118335771088518
9.857878919191629 -0.4198433147562972 -0.9075980446730747
9.868079762723672 -0.42907973653827 -0.9032680676516663
9.878280606251113 -0.4382715083398783 -0.8988440966215427
9.888481449773952 -0.447417673666064 -0.8943265919406285
9.89868229329219 -0.4565172807675746 -0.8897160236999523
9.908883136805825 -0.4655693827400021 -0.8850128716747293
9.919083980314857 -0.4745730376223176 -0.8802176252744355
9.929284823819287 -0.4835273084948919 -0.87533078349188
9.939485667319115 -0.4924312635769915 -0.8703528548512799
9.94968651081434 -0.5012839763237391 -0.8652843573553433
9.959887354304964 -0.5100845255225301 -0.8601258184313656
9.970088197790986 -0.5188319953888939 -0.8548777748763462
9.980289041272405 -0.5275254756617902 -0.8495407728011286
9.990489884749222 -0.5361640616983308 -0.844115367573573
10 -0.5441674501755723 -0.8389782136891835
